offset:
  head_pitch: 0.007673649242794355
  head_yaw: -0.006135921875
  l_ankle_pitch: -0.05112443296123122
  l_ankle_roll: 0.002942024657924402
  l_elbow_pitch: -0.03374757031250003
  l_hip_pitch: -0.01041516361991781
  l_hip_roll: 0.004350083362886333
  l_hip_yaw: -0.01812756055185255
  l_knee_pitch: -0.03314104226916287
  l_shoulder_pitch: -0.006135921874999834
  l_shoulder_roll: 0.007160906545099338
  r_ankle_pitch: 0.02650108339346888
  r_ankle_roll: 0.00779235371236352
  r_elbow_pitch: 0.02148621787982414
  r_hip_pitch: 0.0898018969471315
  r_hip_roll: -0.006966392493370511
  r_hip_yaw: -0.005201901496011362
  r_knee_pitch: 0.04015750766455218
  r_shoulder_pitch: 0.001534729848558933
  r_shoulder_roll: -0.003067960937500011