offset:
  head_pitch: 4.440892098500658e-16
  head_yaw: -1.54074395550979e-33
  l_ankle_pitch: 0.01658062789394622
  l_ankle_roll: -0.02268928027592629
  l_elbow_pitch: 7.896312771987667e-31
  l_hip_pitch: 0.05061454830783543
  l_hip_roll: 0.01308996938995748
  l_hip_yaw: 0.0087266462599717
  l_knee_pitch: 0.02967059728390372
  l_shoulder_pitch: -1.540743955509789e-33
  l_shoulder_roll: 0
  r_ankle_pitch: -0.001745329251994347
  r_ankle_roll: 0.02530727415391781
  r_elbow_pitch: 2.303712776097208e-15
  r_hip_pitch: 0.01134464013796319
  r_hip_roll: 2.465190328815662e-32
  r_hip_yaw: -0.01221730476396032
  r_knee_pitch: -0.0488692190558413
  r_shoulder_pitch: -3.330669073875486e-16
  r_shoulder_roll: -1.387778780781454e-17
  waist_pitch: 9.861363168370286e-32
  waist_yaw: -0.0706858347057704